24999 Щетка_стеклоочистителя 1099 24
33328 Фильтр_топливный 730 10
15673 Свеча_зажигания 450 35  
28941 Тормозной_диск 3200 12  
47329 Масляный_фильтр 600 44  
38214 Насос_топливный 8700 8  
59231 Ремень_генератора 1500 25  
41382 Колодка_тормозная 1100 50  
63819 Радиатор_охлаждения 9700 6  
72450 Подшипник_ступицы 2800 18  
18974 Амортизатор_задний 4500 20  
50672 Стартер_электрический 8500 11
73512 Фара_передняя 12400 9  
28460 Аккумулятор_автомобильный 7200 15  
42938 Генератор_переменного_тока 11450 7  
51207 Помпа_водяная 3650 22  
69384 Глушитель_выхлопной 8300 5  
37529 Датчик_кислорода 2700 36  
85134 Рычаг_подвески 4900 13  
29743 Стеклоподъемник_электрический 6500 10  
60382 Приводной_вал 9900 8  
48126 Подушка_двигателя 2300 40
31257 Трос_ручного_тормоза 1800 30  
59483 Корпус_воздушного_фильтра 4200 16  
76149 Шрус_внутренний 7500 12  
42835 Диск_сцепления 6500 9  
53792 Крышка_радиатора 800 50  
68341 Бампер_задний 12300 6  
29476 Рулевая_тяга 2900 28  
45927 Термостат_охлаждения 1400 45  
81852 Вентилятор_охлаждения 9400 7  
37645 Кронштейн_крепления_глушителя 1200 34
41358 Пыльник_шруса 850 42  
72904 Подкрылок_передний 3200 18  
58321 Прокладка_головки_блока 2700 25  
64179 Усилитель_тормозов 8100 10  
31952 Замок_двери 4100 14  
47863 Тяга_стабилизатора 1300 37  
52684 Ремкомплект_суппорта 1100 48  
69215 Панель_приборов 14500 5  
83471 Трос_сцепления 2300 21  
35196 Диск_тормозной_задний 4700 11
42751 Ступица_колеса 5200 17  
53982 Втулка_стабилизатора 650 49  
68143 Колесный_диск 7300 8  
31286 Зеркало_боковое 3800 20  
75914 Ремень_приводной 1900 33  
48627 Клапан_рециркуляции_газов 5600 13  
62489 Сайлентблок_подвески 1200 41  
29135 Форсунка_топливная 8700 7  
47936 Кожух_генератора 2100 22  
81374 Балка_задней_подвески 15400 6    